1   128   0.0125  0     4   25  0.15  5   0     2   25
1   128   0.025   0     4   25  0.15  5   0     2   20
1   128   0.05    0     4   25  0.15  5   0     2   10
1   128   0.075   0     4   25  0.15  5   0     2   15
1   128   0.1     0     4   25  0.15  5   0     2   10
1   128   0.05    0     2   25  0.15  5   0     2   10
1   128   0.05    0     6   25  0.15  5   0     2   10
1   128   0.05    0     4   15  0.15  5   0     2   15
1   128   0.05    0     4   35  0.15  5   0     2   15
1   128   0.05    0     4   25  0.1   5   0     2   10
1   128   0.05    0     4   25  0.05  5   0     2   10
1   128   0.05    0     4   25  0.15  3   0     2   15
1   128   0.05    0     4   25  0.15  7   0     2   15
1   128   0.05    0     4   25  0.15  5   0     3   15
1   128   0.05    0     4   25  0.15  5   0.05  2   10
0   128   0       0.25  4   25  0.15  5   0     2   10
0   128   0       0.5   4   25  0.15  5   0     2   10
0   128   0       0.75  4   25  0.15  5   0     2   10
0   128   0       1     4   25  0.15  5   0     2   10
0   128   0       1.25  4   25  0.15  5   0     2   10
0   128   0       0.75  2   25  0.15  5   0     2   10   
0   128   0       0.75  6   25  0.15  5   0     2   10 
0   128   0       0.75  4   15  0.15  5   0     2   10
0   128   0       0.75  4   35  0.15  5   0     2   10
0   128   0       0.75  4   25  0.1   5   0     2   20
0   128   0       0.75  4   25  0.05  5   0     2   15
0   128   0       0.75  4   25  0.15  5   0     3   15
1   256   0.05    0.75  4   25  0.15  5   0     2   10